ert4_an_wen
2.000
1
83
1
1
Phase	Angle
mrad
0.0	4.16
5.000	2.000	0.192	-0.589
7.000	2.000	0.213	22.702
9.000	2.000	0.213	-75.827
11.000	2.000	0.204	55.834
13.000	2.000	0.204	8.121
15.000	2.000	0.209	-12.734
17.000	2.000	0.196	30.403
19.000	2.000	0.198	5.622
21.000	2.000	0.197	84.233
23.000	2.000	0.218	-17.156
25.000	2.000	0.191	-26.513
27.000	2.000	0.194	-76.494
29.000	2.000	0.220	-49.538
31.000	2.000	0.184	-61.314
33.000	2.000	0.202	-4.946
35.000	2.000	0.162	161.489
37.000	2.000	0.182	-85.755
39.000	2.000	0.243	-8.676
41.000	2.000	0.160	19.842
43.000	2.000	0.236	2.287
6.000	4.000	0.208	18.030
8.000	4.000	0.203	1.731
10.000	4.000	0.205	2.331
12.000	4.000	0.240	38.595
14.000	4.000	0.210	95.232
16.000	4.000	0.202	169.525
18.000	4.000	0.202	-34.517
20.000	4.000	0.207	-7.336
22.000	4.000	0.209	17.937
24.000	4.000	0.209	0.480
26.000	4.000	0.215	-3.982
28.000	4.000	0.221	-10.119
30.000	4.000	0.211	0.477
32.000	4.000	0.214	1.058
34.000	4.000	0.212	2.967
36.000	4.000	0.233	-5.549
38.000	4.000	0.269	1.450
40.000	4.000	0.256	35.765
9.000	6.000	0.223	14.051
11.000	6.000	0.219	11.611
13.000	6.000	0.224	-1.601
15.000	6.000	0.230	58.216
17.000	6.000	0.226	0.000
19.000	6.000	0.223	-59.301
21.000	6.000	0.231	-1.470
23.000	6.000	0.236	-10.072
25.000	6.000	0.243	-4.349
27.000	6.000	0.252	-103.121
29.000	6.000	0.239	-2.132
31.000	6.000	0.230	39.466
33.000	6.000	0.246	-1.606
35.000	6.000	0.259	51.148
37.000	6.000	0.318	6.459
12.000	8.000	0.258	-6.612
14.000	8.000	0.258	-5.162
16.000	8.000	0.251	-7.123
18.000	8.000	0.252	-11.385
20.000	8.000	0.266	21.287
22.000	8.000	0.273	12.705
24.000	8.000	0.277	48.617
26.000	8.000	0.274	174.674
28.000	8.000	0.247	153.851
30.000	8.000	0.281	26.819
32.000	8.000	0.286	0.000
34.000	8.000	0.297	-41.159
15.000	10.000	0.301	2.714
17.000	10.000	0.299	5.470
19.000	10.000	0.309	-2.441
21.000	10.000	0.299	-33.382
23.000	10.000	0.318	10.484
25.000	10.000	0.315	-86.878
27.000	10.000	0.321	0.684
29.000	10.000	0.330	-36.910
31.000	10.000	0.337	-1.680
18.000	12.000	0.395	80.694
20.000	12.000	0.374	92.193
22.000	12.000	0.360	103.394
24.000	12.000	0.361	10.768
26.000	12.000	0.368	-8.600
28.000	12.000	0.369	-4.394
21.000	14.000	0.421	54.523
23.000	14.000	0.409	-10.765
25.000	14.000	0.417	0.000
2	
24	
0	-9.78766398003613
2	-9.79707621888528
4	-9.79509075408852
6	-9.80443440555911
8	-9.81084561754238
10	-9.80441040025715
12	-9.80970076386032
14	-9.81357606168078
16	-9.80784830345751
18	-9.81005921339957
20	-9.80741918639725
22	-9.79894039752435
24	-9.79607985362848
26	-9.79006083362222
28	-9.7811586158397
30	-9.75000000143419
32	-9.76901179484872
34	-9.74316933016646
36	-9.70267794011798
38	-9.69666786246735
40	-9.64953403920014
42	-9.31976957154904
44	-8.20098794040875
46	-6.92807254351629
1	
Global Coordinates present		
Number of coordinate points		
24		
Local	Longitude	Latitude
0	378906.659350811	4831481.63908318
2	378905.669097425	4831479.90144161
4	378904.678844039	4831478.16380004
6	378903.688590653	4831476.42615847
8	378902.698337267	4831474.6885169
10	378901.708083881	4831472.95087533
12	378900.717830495	4831471.21323376
14	378899.727577109	4831469.47559218
16	378898.737323723	4831467.73795061
18	378897.747070337	4831466.00030904
20	378896.756816951	4831464.26266747
22	378895.766563565	4831462.5250259
24	378894.776310179	4831460.78738433
26	378893.786056793	4831459.04974275
28	378892.795803406	4831457.31210118
30	378891.80555002	4831455.57445961
32	378890.815296634	4831453.83681804
34	378889.825043248	4831452.09917647
36	378888.834789862	4831450.3615349
38	378887.844536476	4831448.62389332
40	378886.85428309	4831446.88625175
42	378885.864029704	4831445.14861018
44	378884.873776318	4831443.41096861
46	378883.883522932	4831441.67332704
0		
1
0.2 50
-100 200
0
1
0
0
0
0		
0		
